+-------+-----+-------+-----+-----+-----+--------+------------------------------------------+-------+--------+---------+--------+--------+--------+--------+--------+-----------+------------+---------------+-----------+
| COUNT | 1XX |  2XX  | 3XX | 4XX | 5XX | METHOD |                   URI                    |  MIN  |  MAX   |   SUM   |  AVG   |  P90   |  P95   |  P99   | STDDEV | MIN(BODY) | MAX(BODY)  |   SUM(BODY)   | AVG(BODY) |
+-------+-----+-------+-----+-----+-----+--------+------------------------------------------+-------+--------+---------+--------+--------+--------+--------+--------+-----------+------------+---------------+-----------+
|    21 |   0 |    19 |   0 |   2 |   0 | GET    | /api/user/.*/statistics                  | 1.249 | 14.788 | 164.899 |  7.852 | 14.703 | 14.707 | 14.788 |  3.930 |     0.000 |    123.000 |      2180.000 |   103.810 |
|   152 |   0 |   150 |   0 |   2 |   0 | POST   | /api/livestream/.*/moderate              | 0.066 |  2.570 | 103.620 |  0.682 |  1.046 |  1.284 |  1.812 |  0.305 |     0.000 |     17.000 |      2550.000 |    16.776 |
|     9 |   0 |     7 |   0 |   2 |   0 | GET    | /api/livestream/.*/statistics            | 2.272 | 13.930 |  91.945 | 10.216 | 13.930 | 13.930 | 13.930 |  4.293 |     0.000 |     81.000 |       563.000 |    62.556 |
|  1734 |   0 |  1734 |   0 |   0 |   0 | GET    | /api/livestream/.*/livecomment           | 0.001 |  0.278 |  88.575 |  0.051 |  0.108 |  0.130 |  0.188 |  0.042 |     2.000 |  57524.000 |  19805273.000 | 11421.726 |
|  1771 |   0 |  1767 |   0 |   4 |   0 | GET    | /api/livestream/.*/reaction              | 0.001 |  0.249 |  85.526 |  0.048 |  0.104 |  0.128 |  0.179 |  0.041 |     0.000 |  54874.000 |  18372138.000 | 10373.878 |
|   372 |   0 |   371 |   0 |   1 |   0 | GET    | /api/livestream/search                   | 0.013 |  0.384 |  67.206 |  0.181 |  0.241 |  0.267 |  0.339 |  0.052 |     0.000 | 133926.000 |  18906943.000 | 50825.116 |
| 14178 |   0 | 14177 |   0 |   1 |   0 | GET    | /api/user/.*/icon                        | 0.001 |  0.081 |  66.314 |  0.005 |  0.008 |  0.009 |  0.013 |  0.003 |     0.000 | 171652.000 | 857183223.000 | 60458.684 |
|  1169 |   0 |  1165 |   0 |   3 |   1 | POST   | /api/register                            | 0.001 |  0.211 |  54.384 |  0.047 |  0.065 |  0.081 |  0.132 |  0.019 |     0.000 | 167209.000 |    667654.000 |   571.133 |
|  1690 |   0 |  1689 |   0 |   1 |   0 | POST   | /api/livestream/.*/livecomment           | 0.003 |  0.128 |  41.584 |  0.025 |  0.035 |  0.042 |  0.073 |  0.011 |    63.000 |   1750.000 |   2587386.000 |  1530.998 |
|   707 |   0 |   703 |   0 |   4 |   0 | POST   | /api/livestream/reservation              | 0.002 |  0.164 |  38.985 |  0.055 |  0.087 |  0.095 |  0.127 |  0.024 |     0.000 |   1089.000 |    665800.000 |   941.726 |
|  1596 |   0 |  1596 |   0 |   0 |   0 | POST   | /api/livestream/.*/reaction              | 0.003 |  0.134 |  29.892 |  0.019 |  0.028 |  0.035 |  0.060 |  0.010 |  1319.000 |   1609.000 |   2336492.000 |  1463.967 |
|  1217 |   0 |  1180 |   0 |   0 |  37 | POST   | /api/icon                                | 0.006 |  0.116 |  25.944 |  0.021 |  0.033 |  0.044 |  0.075 |  0.012 |     8.000 | 167659.000 |   6209969.000 |  5102.686 |
|  1173 |   0 |  1171 |   0 |   2 |   0 | POST   | /api/login                               | 0.001 |  0.064 |   7.196 |  0.006 |  0.010 |  0.011 |  0.014 |  0.003 |     0.000 |     40.000 |        80.000 |     0.068 |
|     1 |   0 |     1 |   0 |   0 |   0 | POST   | /api/initialize                          | 4.460 |  4.460 |   4.460 |  4.460 |  4.460 |  4.460 |  4.460 |  0.000 |    19.000 |     19.000 |        19.000 |    19.000 |
|   253 |   0 |   253 |   0 |   0 |   0 | GET    | /api/livestream                          | 0.003 |  0.064 |   3.879 |  0.015 |  0.025 |  0.030 |  0.050 |  0.008 |     2.000 |  17639.000 |    376543.000 |  1488.312 |
|   701 |   0 |   701 |   0 |   0 |   0 | GET    | /api/tag                                 | 0.001 |  0.020 |   3.345 |  0.005 |  0.008 |  0.009 |  0.013 |  0.002 |  3384.000 |   3384.000 |   2372184.000 |  3384.000 |
|   321 |   0 |   321 |   0 |   0 |   0 | GET    | /api/livestream/.*/ngwords               | 0.003 |  0.024 |   3.155 |  0.010 |  0.014 |  0.015 |  0.022 |  0.004 |     2.000 |    203.000 |      5339.000 |    16.632 |
|   504 |   0 |   503 |   0 |   0 |   1 | GET    | /api/livestream/.*/report                | 0.001 |  0.101 |   2.782 |  0.006 |  0.009 |  0.012 |  0.029 |  0.007 |     2.000 | 168776.000 |    240224.000 |   476.635 |
|   155 |   0 |   155 |   0 |   0 |   0 | POST   | /api/livestream/.*/enter                 | 0.003 |  0.057 |   2.110 |  0.014 |  0.025 |  0.031 |  0.049 |  0.009 |     0.000 |      0.000 |         0.000 |     0.000 |
|   147 |   0 |   147 |   0 |   0 |   0 | DELETE | /api/livestream/.*/exit                  | 0.003 |  0.073 |   1.793 |  0.012 |  0.020 |  0.024 |  0.068 |  0.010 |     0.000 |      0.000 |         0.000 |     0.000 |
|    60 |   0 |    52 |   0 |   8 |   0 | POST   | /api/livestream/.*/livecomment/.*/report | 0.003 |  0.047 |   1.260 |  0.021 |  0.032 |  0.035 |  0.047 |  0.009 |    33.000 |   2074.000 |    104498.000 |  1741.633 |
|    17 |   0 |    17 |   0 |   0 |   0 | GET    | /api/user/.*/livestream                  | 0.010 |  0.047 |   0.492 |  0.029 |  0.039 |  0.047 |  0.047 |  0.008 |  2825.000 |   7797.000 |     91644.000 |  5390.824 |
|    20 |   0 |    20 |   0 |   0 |   0 | GET    | /api/user/.*/theme                       | 0.001 |  0.012 |   0.100 |  0.005 |  0.009 |  0.009 |  0.012 |  0.003 |    28.000 |     28.000 |       560.000 |    28.000 |
|     3 |   0 |     3 |   0 |   0 |   0 | GET    | /api/user/me                             | 0.001 |  0.008 |   0.012 |  0.004 |  0.008 |  0.008 |  0.008 |  0.003 |   194.000 |    206.000 |       606.000 |   202.000 |
|     1 |   0 |     1 |   0 |   0 |   0 | GET    | /api/payment                             | 0.004 |  0.004 |   0.004 |  0.004 |  0.004 |  0.004 |  0.004 |  0.000 |    15.000 |     15.000 |        15.000 |    15.000 |
|     1 |   0 |     1 |   0 |   0 |   0 | GET    | /api/livestream/.*                       | 0.003 |  0.003 |   0.003 |  0.003 |  0.003 |  0.003 |  0.003 |  0.000 |  1089.000 |   1089.000 |      1089.000 |  1089.000 |
|     1 |   0 |     1 |   0 |   0 |   0 | GET    | /api/user/.*                             | 0.001 |  0.001 |   0.001 |  0.001 |  0.001 |  0.001 |  0.001 |  0.000 |   194.000 |    194.000 |       194.000 |   194.000 |
+-------+-----+-------+-----+-----+-----+--------+------------------------------------------+-------+--------+---------+--------+--------+--------+--------+--------+-----------+------------+---------------+-----------+
