+-------+-----+-------+-----+-----+-----+--------+------------------------------------------+-------+--------+---------+--------+--------+--------+--------+--------+-----------+------------+---------------+-----------+
| COUNT | 1XX |  2XX  | 3XX | 4XX | 5XX | METHOD |                   URI                    |  MIN  |  MAX   |   SUM   |  AVG   |  P90   |  P95   |  P99   | STDDEV | MIN(BODY) | MAX(BODY)  |   SUM(BODY)   | AVG(BODY) |
+-------+-----+-------+-----+-----+-----+--------+------------------------------------------+-------+--------+---------+--------+--------+--------+--------+--------+-----------+------------+---------------+-----------+
|    21 |   0 |    16 |   0 |   5 |   0 | GET    | /api/user/.*/statistics                  | 1.254 | 16.766 | 163.254 |  7.774 | 16.294 | 16.420 | 16.766 |  4.396 |     0.000 |    140.000 |      1857.000 |    88.429 |
|   130 |   0 |   129 |   0 |   1 |   0 | POST   | /api/livestream/.*/moderate              | 0.076 |  2.464 |  99.501 |  0.765 |  1.356 |  1.882 |  2.286 |  0.440 |     0.000 |     17.000 |      2193.000 |    16.869 |
|  1666 |   0 |  1665 |   0 |   1 |   0 | GET    | /api/livestream/.*/livecomment           | 0.001 |  0.264 |  91.858 |  0.055 |  0.121 |  0.151 |  0.209 |  0.047 |     0.000 |  58878.000 |  20844132.000 | 12511.484 |
|     9 |   0 |     7 |   0 |   2 |   0 | GET    | /api/livestream/.*/statistics            | 2.284 | 14.629 |  90.920 | 10.102 | 14.629 | 14.629 | 14.629 |  4.309 |     0.000 |     81.000 |       563.000 |    62.556 |
|  1702 |   0 |  1702 |   0 |   0 |   0 | GET    | /api/livestream/.*/reaction              | 0.001 |  0.267 |  89.823 |  0.053 |  0.118 |  0.155 |  0.207 |  0.048 |     2.000 |  56516.000 |  19491269.000 | 11451.979 |
|   386 |   0 |   386 |   0 |   0 |   0 | GET    | /api/livestream/search                   | 0.015 |  0.396 |  69.844 |  0.181 |  0.238 |  0.252 |  0.318 |  0.050 | 40537.000 | 114053.000 |  19754601.000 | 51177.723 |
| 14113 |   0 | 14112 |   0 |   1 |   0 | GET    | /api/user/.*/icon                        | 0.001 |  0.069 |  62.758 |  0.004 |  0.008 |  0.009 |  0.014 |  0.003 |     0.000 | 171652.000 | 818667261.000 | 58008.025 |
|  1127 |   0 |  1124 |   0 |   2 |   1 | POST   | /api/register                            | 0.017 |  0.198 |  54.545 |  0.048 |  0.072 |  0.082 |  0.114 |  0.019 |     0.000 | 167255.000 |    650026.000 |   576.776 |
|  1617 |   0 |  1616 |   0 |   1 |   0 | POST   | /api/livestream/.*/livecomment           | 0.004 |  0.229 |  41.680 |  0.026 |  0.040 |  0.046 |  0.065 |  0.013 |    63.000 |   1742.000 |   2472193.000 |  1528.876 |
|   702 |   0 |   698 |   0 |   4 |   0 | POST   | /api/livestream/reservation              | 0.001 |  0.200 |  39.532 |  0.056 |  0.084 |  0.096 |  0.127 |  0.023 |     0.000 |   1087.000 |    661984.000 |   942.997 |
|  1537 |   0 |  1536 |   0 |   1 |   0 | POST   | /api/livestream/.*/reaction              | 0.003 |  0.203 |  30.338 |  0.020 |  0.032 |  0.039 |  0.056 |  0.011 |     0.000 |   1610.000 |   2245504.000 |  1460.966 |
|  1176 |   0 |  1144 |   0 |   1 |  31 | POST   | /api/icon                                | 0.006 |  0.206 |  27.353 |  0.023 |  0.037 |  0.048 |  0.070 |  0.013 |     0.000 | 167756.000 |   5208670.000 |  4429.141 |
|  1132 |   0 |  1130 |   0 |   2 |   0 | POST   | /api/login                               | 0.001 |  0.042 |   6.869 |  0.006 |  0.010 |  0.011 |  0.016 |  0.003 |     0.000 |     40.000 |        80.000 |     0.071 |
|   265 |   0 |   265 |   0 |   0 |   0 | GET    | /api/livestream                          | 0.004 |  0.050 |   4.142 |  0.016 |  0.027 |  0.033 |  0.045 |  0.008 |     2.000 |  17803.000 |    405485.000 |  1530.132 |
|     1 |   0 |     1 |   0 |   0 |   0 | POST   | /api/initialize                          | 3.784 |  3.784 |   3.784 |  3.784 |  3.784 |  3.784 |  3.784 |  0.000 |    19.000 |     19.000 |        19.000 |    19.000 |
|   695 |   0 |   695 |   0 |   0 |   0 | GET    | /api/tag                                 | 0.001 |  0.018 |   3.472 |  0.005 |  0.009 |  0.010 |  0.016 |  0.003 |  3384.000 |   3384.000 |   2351880.000 |  3384.000 |
|   338 |   0 |   337 |   0 |   1 |   0 | GET    | /api/livestream/.*/ngwords               | 0.004 |  0.041 |   3.436 |  0.010 |  0.015 |  0.017 |  0.022 |  0.004 |     0.000 |    209.000 |      7461.000 |    22.074 |
|   549 |   0 |   545 |   0 |   0 |   4 | GET    | /api/livestream/.*/report                | 0.001 |  0.074 |   2.799 |  0.005 |  0.008 |  0.012 |  0.027 |  0.005 |     2.000 | 168682.000 |    725792.000 |  1322.026 |
|   149 |   0 |   149 |   0 |   0 |   0 | POST   | /api/livestream/.*/enter                 | 0.003 |  0.058 |   2.077 |  0.014 |  0.027 |  0.036 |  0.043 |  0.009 |     0.000 |      0.000 |         0.000 |     0.000 |
|   143 |   0 |   143 |   0 |   0 |   0 | DELETE | /api/livestream/.*/exit                  | 0.004 |  0.067 |   1.991 |  0.014 |  0.026 |  0.031 |  0.063 |  0.010 |     0.000 |      0.000 |         0.000 |     0.000 |
|    60 |   0 |    52 |   0 |   8 |   0 | POST   | /api/livestream/.*/livecomment/.*/report | 0.003 |  0.089 |   1.391 |  0.023 |  0.039 |  0.047 |  0.089 |  0.015 |    33.000 |   2115.000 |    103682.000 |  1728.033 |
|    14 |   0 |    14 |   0 |   0 |   0 | GET    | /api/user/.*/livestream                  | 0.018 |  0.051 |   0.459 |  0.033 |  0.048 |  0.051 |  0.051 |  0.010 |  1870.000 |   6577.000 |     67522.000 |  4823.000 |
|    20 |   0 |    20 |   0 |   0 |   0 | GET    | /api/user/.*/theme                       | 0.001 |  0.010 |   0.094 |  0.005 |  0.009 |  0.009 |  0.010 |  0.003 |    28.000 |     28.000 |       560.000 |    28.000 |
|     1 |   0 |     1 |   0 |   0 |   0 | GET    | /api/livestream/.*                       | 0.012 |  0.012 |   0.012 |  0.012 |  0.012 |  0.012 |  0.012 |  0.000 |  1087.000 |   1087.000 |      1087.000 |  1087.000 |
|     3 |   0 |     3 |   0 |   0 |   0 | GET    | /api/user/me                             | 0.001 |  0.007 |   0.010 |  0.003 |  0.007 |  0.007 |  0.007 |  0.003 |   194.000 |    206.000 |       606.000 |   202.000 |
|     1 |   0 |     1 |   0 |   0 |   0 | GET    | /api/payment                             | 0.005 |  0.005 |   0.005 |  0.005 |  0.005 |  0.005 |  0.005 |  0.000 |    15.000 |     15.000 |        15.000 |    15.000 |
|     1 |   0 |     1 |   0 |   0 |   0 | GET    | /api/user/.*                             | 0.001 |  0.001 |   0.001 |  0.001 |  0.001 |  0.001 |  0.001 |  0.000 |   194.000 |    194.000 |       194.000 |   194.000 |
+-------+-----+-------+-----+-----+-----+--------+------------------------------------------+-------+--------+---------+--------+--------+--------+--------+--------+-----------+------------+---------------+-----------+
