+-------+-----+-------+-----+-----+-----+--------+------------------------------------------+-------+--------+---------+-------+--------+--------+--------+--------+-----------+------------+---------------+-----------+
| COUNT | 1XX |  2XX  | 3XX | 4XX | 5XX | METHOD |                   URI                    |  MIN  |  MAX   |   SUM   |  AVG  |  P90   |  P95   |  P99   | STDDEV | MIN(BODY) | MAX(BODY)  |   SUM(BODY)   | AVG(BODY) |
+-------+-----+-------+-----+-----+-----+--------+------------------------------------------+-------+--------+---------+-------+--------+--------+--------+--------+-----------+------------+---------------+-----------+
|    22 |   0 |    20 |   0 |   2 |   0 | GET    | /api/user/.*/statistics                  | 0.553 | 13.854 | 157.068 | 7.139 | 13.675 | 13.852 | 13.854 |  3.792 |     0.000 |    140.000 |      2379.000 |   108.136 |
|   154 |   0 |   153 |   0 |   1 |   0 | POST   | /api/livestream/.*/moderate              | 0.079 |  1.405 |  91.509 | 0.594 |  0.968 |  1.184 |  1.362 |  0.264 |     0.000 |     17.000 |      2601.000 |    16.890 |
|  1790 |   0 |  1787 |   0 |   3 |   0 | GET    | /api/livestream/.*/livecomment           | 0.001 |  0.250 |  88.885 | 0.050 |  0.109 |  0.138 |  0.181 |  0.043 |  1570.000 |  58594.000 |  22358897.000 | 12491.004 |
|  1823 |   0 |  1823 |   0 |   0 |   0 | GET    | /api/livestream/.*/reaction              | 0.001 |  0.308 |  86.702 | 0.048 |  0.107 |  0.136 |  0.178 |  0.043 |     2.000 |  56028.000 |  21065066.000 | 11555.165 |
|     9 |   0 |     7 |   0 |   2 |   0 | GET    | /api/livestream/.*/statistics            | 2.255 | 13.298 |  86.003 | 9.556 | 13.298 | 13.298 | 13.298 |  4.060 |     0.000 |     81.000 |       563.000 |    62.556 |
|   425 |   0 |   423 |   0 |   2 |   0 | GET    | /api/livestream/search                   | 0.019 |  0.317 |  67.018 | 0.158 |  0.207 |  0.217 |  0.282 |  0.041 |     0.000 | 128824.000 |  21500072.000 | 50588.405 |
| 14985 |   0 | 14985 |   0 |   0 |   0 | GET    | /api/user/.*/icon                        | 0.001 |  0.062 |  62.383 | 0.004 |  0.007 |  0.009 |  0.012 |  0.003 |  6969.000 | 164797.000 | 899325083.000 | 60015.021 |
|   806 |   0 |   802 |   0 |   3 |   1 | POST   | /api/register                            | 0.001 |  0.224 |  46.552 | 0.058 |  0.086 |  0.102 |  0.148 |  0.023 |     0.000 | 167261.000 |    511833.000 |   635.029 |
|  1758 |   0 |  1756 |   0 |   2 |   0 | POST   | /api/livestream/.*/livecomment           | 0.003 |  0.188 |  45.441 | 0.026 |  0.037 |  0.046 |  0.078 |  0.014 |     0.000 |   1773.000 |   2688275.000 |  1529.167 |
|  1647 |   0 |  1646 |   0 |   1 |   0 | POST   | /api/livestream/.*/reaction              | 0.003 |  0.126 |  32.730 | 0.020 |  0.032 |  0.040 |  0.066 |  0.012 |     0.000 |   1585.000 |   2409813.000 |  1463.153 |
|   530 |   0 |   526 |   0 |   4 |   0 | POST   | /api/livestream/reservation              | 0.001 |  0.171 |  30.214 | 0.057 |  0.086 |  0.098 |  0.136 |  0.025 |     0.000 |   1065.000 |    498698.000 |   940.940 |
|   847 |   0 |   836 |   0 |   0 |  11 | POST   | /api/icon                                | 0.005 |  0.110 |  19.670 | 0.023 |  0.036 |  0.050 |  0.087 |  0.014 |     8.000 | 167577.000 |   1850797.000 |  2185.120 |
|   810 |   0 |   808 |   0 |   2 |   0 | POST   | /api/login                               | 0.001 |  0.032 |   4.683 | 0.006 |  0.009 |  0.011 |  0.015 |  0.003 |     0.000 |     40.000 |        80.000 |     0.099 |
|   278 |   0 |   278 |   0 |   0 |   0 | GET    | /api/livestream                          | 0.003 |  0.069 |   4.414 | 0.016 |  0.025 |  0.030 |  0.043 |  0.008 |     2.000 |  17624.000 |    427850.000 |  1539.029 |
|     1 |   0 |     1 |   0 |   0 |   0 | POST   | /api/initialize                          | 4.265 |  4.265 |   4.265 | 4.265 |  4.265 |  4.265 |  4.265 |  0.000 |    19.000 |     19.000 |        19.000 |    19.000 |
|   373 |   0 |   373 |   0 |   0 |   0 | GET    | /api/livestream/.*/ngwords               | 0.003 |  0.025 |   3.511 | 0.009 |  0.014 |  0.015 |  0.020 |  0.004 |     2.000 |    209.000 |      8598.000 |    23.051 |
|   601 |   0 |   600 |   0 |   0 |   1 | GET    | /api/livestream/.*/report                | 0.001 |  0.062 |   2.617 | 0.004 |  0.008 |  0.010 |  0.015 |  0.004 |     2.000 | 168648.000 |    234800.000 |   390.682 |
|   160 |   0 |   160 |   0 |   0 |   0 | POST   | /api/livestream/.*/enter                 | 0.004 |  0.106 |   2.496 | 0.016 |  0.027 |  0.034 |  0.049 |  0.011 |     0.000 |      0.000 |         0.000 |     0.000 |
|   524 |   0 |   524 |   0 |   0 |   0 | GET    | /api/tag                                 | 0.001 |  0.019 |   2.390 | 0.005 |  0.008 |  0.010 |  0.013 |  0.003 |  3384.000 |   3384.000 |   1773216.000 |  3384.000 |
|   151 |   0 |   151 |   0 |   0 |   0 | DELETE | /api/livestream/.*/exit                  | 0.004 |  0.106 |   2.270 | 0.015 |  0.027 |  0.034 |  0.082 |  0.013 |     0.000 |      0.000 |         0.000 |     0.000 |
|    59 |   0 |    52 |   0 |   7 |   0 | POST   | /api/livestream/.*/livecomment/.*/report | 0.002 |  0.051 |   1.246 | 0.021 |  0.032 |  0.042 |  0.051 |  0.010 |    33.000 |   2096.000 |    104513.000 |  1771.407 |
|    18 |   0 |    18 |   0 |   0 |   0 | GET    | /api/user/.*/livestream                  | 0.014 |  0.055 |   0.464 | 0.026 |  0.045 |  0.055 |  0.055 |  0.010 |  1872.000 |   9546.000 |     84127.000 |  4673.722 |
|    21 |   0 |    21 |   0 |   0 |   0 | GET    | /api/user/.*/theme                       | 0.001 |  0.008 |   0.082 | 0.004 |  0.006 |  0.006 |  0.008 |  0.002 |    28.000 |     28.000 |       588.000 |    28.000 |
|     3 |   0 |     3 |   0 |   0 |   0 | GET    | /api/user/me                             | 0.001 |  0.008 |   0.014 | 0.005 |  0.008 |  0.008 |  0.008 |  0.003 |   194.000 |    206.000 |       606.000 |   202.000 |
|     1 |   0 |     1 |   0 |   0 |   0 | GET    | /api/user/.*                             | 0.006 |  0.006 |   0.006 | 0.006 |  0.006 |  0.006 |  0.006 |  0.000 |   194.000 |    194.000 |       194.000 |   194.000 |
|     1 |   0 |     1 |   0 |   0 |   0 | GET    | /api/payment                             | 0.005 |  0.005 |   0.005 | 0.005 |  0.005 |  0.005 |  0.005 |  0.000 |    15.000 |     15.000 |        15.000 |    15.000 |
|     1 |   0 |     1 |   0 |   0 |   0 | GET    | /api/livestream/.*                       | 0.003 |  0.003 |   0.003 | 0.003 |  0.003 |  0.003 |  0.003 |  0.000 |  1065.000 |   1065.000 |      1065.000 |  1065.000 |
+-------+-----+-------+-----+-----+-----+--------+------------------------------------------+-------+--------+---------+-------+--------+--------+--------+--------+-----------+------------+---------------+-----------+
